Warning: SPARK_MEM is deprecated, please use a more specific config option
(e.g., spark.executor.memory or spark.driver.memory).
Spark assembly has been built with Hive, including Datanucleus jars on classpath
[info[0m] tiff load start...
[[[[ 483  443  524 ...,  412  399  389]
   [ 521  468  505 ...,  349  325  394]
   [ 452  497  463 ...,  335  394  365]
   ..., 
   [ 739  771  717 ...,  407  457  410]
   [ 817  758  813 ...,  444  389  404]
   [ 726  719  707 ...,  449  417  448]]

  [[ 494  483  537 ...,  415  367  422]
   [ 471  439  546 ...,  330  375  424]
   [ 474  533  470 ...,  416  385  391]
   ..., 
   [ 704  734  778 ...,  421  384  434]
   [ 770  711  664 ...,  368  410  422]
   [ 768  742  694 ...,  450  459  383]]

  [[ 480  458  514 ...,  328  347  406]
   [ 520  500  492 ...,  377  394  377]
   [ 518  536  477 ...,  408  438  399]
   ..., 
   [ 737  738  700 ...,  395  360  463]
   [ 770  766  741 ...,  432  438  436]
   [ 755  701  684 ...,  405  436  430]]

  ..., 
  [[1167 1090 1091 ...,  632  614  664]
   [1019 1060 1075 ...,  614  643  712]
   [1114 1183 1195 ...,  775  779  701]
   ..., 
   [1133 1154 1184 ...,  716  682  754]
   [1249 1100 1088 ...,  620  740  656]
   [1066 1216 1152 ...,  784  682  748]]

  [[1111 1183 1072 ...,  640  653  704]
   [1098 1048 1113 ...,  758  676  733]
   [1144 1113 1260 ...,  782  762  738]
   ..., 
   [1123 1129 1012 ...,  699  711  722]
   [1163 1124 1147 ...,  683  655  725]
   [1132 1158 1113 ...,  772  702  718]]

  [[1124 1012 1138 ...,  681  702  672]
   [1178 1110 1134 ...,  736  703  700]
   [1187 1162 1118 ...,  706  776  726]
   ..., 
   [1109 1049 1104 ...,  677  706  627]
   [1164 1170 1086 ...,  720  757  740]
   [1122 1203 1041 ...,  712  624  724]]]]
[[92mtime[0m] 6.615s taken for {func1}
